208.04392597055318
80.48572879493247
11.739221970338402
-32.32921567054566
-59.097439332908344
-70.56645304874615
-68.32123058463817
-54.8428629185536
-33.70521867791794
-9.258782180372263
13.953884214636288
31.85850470010708
41.46272948160109
41.29418618175157
31.604664686081698
14.316189950113909
-7.388998154645644
-29.608331343503927
-48.36543696926833
-60.311770148878274
-63.367497070639686
-56.873350823175706
-41.595956398171644
-19.861065824727056
4.823874112059848
28.42725112251608
47.12990602030817
57.98012890892845
59.34260767975515
51.216402824868695
35.11225660299291
13.665565885728059
-9.652470914971419
-31.036809382639373
-47.060434371655624
-55.28923199768837
-54.48493104343546
-44.81890307553913
-28.013787523437244
-7.004014704473997
14.569881666167868
32.982144658887826
45.06669939797964
48.76135213481293
43.462043185180754
30.125779134453587
11.08357511195236
-10.36526739741014
-30.494770193844396
-45.802162137687205
-53.31814985668105
-51.28911546584878
-39.30006547118677
-18.802968064432463
6.669247116548149
32.71090370243421
54.7416978422236
68.76303474003006
