0.020112235999330236
0.020112235999330236
0.020112235999330236
0.020112235999330236
0.020112235999330236
0.020112235999330236
0.020112235999330236
0.020112235999330236
0.020112235999330236
0.020112235999330236
0.020112235999330236
0.020112235999330236
0.020112235999330236
0.020112235999330236
0.020112235999330236
0.020112235999330236
0.020112235999330236
0.020112235999330236
0.020112235999330236
0.020112235999330236
0.020112235999330236
0.020112235999330236
0.020112235999330236
0.020112235999330236
0.020112235999330236
0.020112235999330236
0.020112235999330236
0.020112235999330236
0.020112235999330236
0.020112235999330236
0.020112235999330236
0.020112235999330236
0.020112235999330236
0.020112235999330236
0.020112235999330236
0.020112235999330236
0.020112235999330236
0.020112235999330236
0.020112235999330236
0.020112235999330236
0.020112235999330236
0.020112235999330236
0.020112235999330236
0.020112235999330236
0.020112235999330236
0.020112235999330236
0.020112235999330236
0.020112235999330236
0.020112235999330236
0.020112235999330236
0.020112235999330236
0.020112235999330236
0.020112235999330236
0.020112235999330236
0.020112235999330236
0.020112235999330236
0.020112235999330236
0.020112235999330236
